0.2 0.2 0.2 a 0.7625 0.35
0.2 0.2 0.2 a 0.81875 0.4
0.2 0.2 0.2 a 0.875 0.35
0.2 0.2 0.2 a 0.81875 0.3
0 0 0 b 0.79375 0.35
0 0 0 b 0.81875 0.325
0 0 0 b 0.84375 0.35
0 0 0 b 0.81875 0.375
0.2 0.2 0.2 c 0.7625 0.425
0.2 0.2 0.2 c 0.81875 0.475
0.2 0.2 0.2 c 0.875 0.425
0.2 0.2 0.2 c 0.81875 0.375
0 0 0 d 0.79375 0.425
0 0 0 d 0.81875 0.4
0 0 0 d 0.84375 0.425
0 0 0 d 0.81875 0.45
0.2 0.2 0.2 e 0.7625 0.5
0.2 0.2 0.2 e 0.81875 0.55
0.2 0.2 0.2 e 0.875 0.5
0.2 0.2 0.2 e 0.81875 0.45
0 0 0 f 0.79375 0.5
0 0 0 f 0.81875 0.475
0 0 0 f 0.84375 0.5
0 0 0 f 0.81875 0.525
0.2 0.2 0.2 g 0.7625 0.575
0.2 0.2 0.2 g 0.81875 0.625
0.2 0.2 0.2 g 0.875 0.575
0.2 0.2 0.2 g 0.81875 0.525
0 0 0 h 0.79375 0.575
0 0 0 h 0.81875 0.55
0 0 0 h 0.84375 0.575
0 0 0 h 0.81875 0.6
0.2 0.2 0.2 i 0.7625 0.65
0.2 0.2 0.2 i 0.81875 0.7
0.2 0.2 0.2 i 0.875 0.65
0.2 0.2 0.2 i 0.81875 0.6
0 0 0 j 0.79375 0.65
0 0 0 j 0.81875 0.625
0 0 0 j 0.84375 0.65
0 0 0 j 0.81875 0.675
0.2 0.2 0.2 h 0.7625 0.725
0.2 0.2 0.2 h 0.81875 0.775
0.2 0.2 0.2 h 0.875 0.725
0.2 0.2 0.2 h 0.81875 0.675
0 0 0 j 0.79375 0.725
0 0 0 j 0.81875 0.7
0 0 0 j 0.84375 0.725
0 0 0 j 0.81875 0.75
0.2 0.2 0.2 k 0.7625 0.8
0.2 0.2 0.2 k 0.81875 0.85
0.2 0.2 0.2 k 0.875 0.8
0.2 0.2 0.2 k 0.81875 0.75
0 0 0 l 0.79375 0.8
0 0 0 l 0.81875 0.775
0 0 0 l 0.84375 0.8
0 0 0 l 0.81875 0.825
0.4 0.4 0.4 m 0.70625 0.26
0.4 0.4 0.4 m 0.70625 0.33
0.4 0.4 0.4 m 0.9125 0.33
0.4 0.4 0.4 m 0.9125 0.26
0.5 0.5 0.5 n 0 0.05
0.5 0.5 0.5 n 0 0.125
0.5 0.5 0.5 n 0.630 0.125
0.5 0.5 0.5 n 0.59375 0.05
0.3 0.3 0.3 o 0.5625 0
0.3 0.3 0.3 o 0.6562 0.175
0.3 0.3 0.3 o 0.8875 0.175
0.3 0.3 0.3 o 0.95 0
0.4 0.4 0.4 g 0.9 0.14
0.4 0.4 0.4 g 0.90625 0.125
0.4 0.4 0.4 g 0.975 0.175
0.4 0.4 0.4 g 0.9375 0.175
0.4 0.4 0.4 h 0.975 0.175
0.4 0.4 0.4 h 0.9125 0.3
0.4 0.4 0.4 h 0.875 0.3
0.4 0.4 0.4 h 0.9375 0.175
0.4 0.4 0.4 g 0.7625 0.13
0.4 0.4 0.4 g 0.875 0.2
0.4 0.4 0.4 g 0.83125 0.2
0.4 0.4 0.4 h 0.875 0.2
0.4 0.4 0.4 h 0.8125 0.285
0.4 0.4 0.4 h 0.78125 0.275
0.4 0.4 0.4 h 0.83125 0.2
0.4 0.4 0.4 g 0.74 0.175
0.4 0.4 0.4 g 0.7125 0.175
0.4 0.4 0.4 g 0.7 0.205
0.4 0.4 0.4 g 0.7375 0.205
0.4 0.4 0.4 h 0.7 0.205
0.4 0.4 0.4 h 0.75 0.26
0.4 0.4 0.4 h 0.78125 0.26
0.4 0.4 0.4 h 0.7375 0.205
0.4 0.4 0.4 g 0.675 0.125
0.4 0.4 0.4 g 0.6 0.21
0.4 0.4 0.4 g 0.64375 0.21
0.4 0.4 0.4 h 0.6 0.21
0.4 0.4 0.4 h 0.70625 0.3
0.4 0.4 0.4 h 0.7375 0.275
0.4 0.4 0.4 h 0.64375 0.21