0.8 0.6 0 a 0.5 0
0.8 0.6 0 a 0.6 0.2
0.8 0.6 0 a 0.78 0.06
0.8 0.6 0 a 0.5 0.5
0.8 0.6 0 b 0.78 0.06
0.8 0.6 0 b 0.7 0.3
0.8 0.6 0 b 0.91 0.23
0.8 0.6 0 b 0.5 0.5
0.8 0.6 0 c 0.91 0.23
0.8 0.6 0 c 0.8 0.4
0.8 0.6 0 c 1.0 0.5
0.8 0.6 0 c 0.5 0.5
0.8 0.6 0 d 1.0 0.5
0.8 0.6 0 d 0.8 0.6
0.8 0.6 0 d 0.91 0.77
0.8 0.6 0 d 0.5 0.5
0.8 0.6 0 e 0.91 0.77
0.8 0.6 0 e 0.7 0.7
0.8 0.6 0 e 0.78 0.94
0.8 0.6 0 e 0.5 0.5
0.8 0.6 0 f 0.78 0.94
0.8 0.6 0 f 0.6 0.8
0.8 0.6 0 f 0.5 1.0
0.8 0.6 0 f 0.5 0.5
0.8 0.6 0 g 0.5 1.0
0.8 0.6 0 g 0.4 0.8
0.8 0.6 0 g 0.22 0.94
0.8 0.6 0 g 0.5 0.5
0.8 0.6 0 h 0.22 0.94
0.8 0.6 0 h 0.3 0.7
0.8 0.6 0 h 0.09 0.77
0.8 0.6 0 h 0.5 0.5
0.8 0.6 0 j 0.09 0.77
0.8 0.6 0 j 0.2 0.6
0.8 0.6 0 j 0 0.5
0.8 0.6 0 j 0.5 0.5
0.8 0.6 0 m 0 0.5
0.8 0.6 0 m 0.2 0.4
0.8 0.6 0 m 0.09 0.23
0.8 0.6 0 m 0.5 0.5
0.8 0.6 0 n 0.09 0.23
0.8 0.6 0 n 0.3 0.3
0.8 0.6 0 n 0.22 0.06
0.8 0.6 0 n 0.5 0.5
0.8 0.6 0 p 0.22 0.06
0.8 0.6 0 p 0.4 0.2
0.8 0.6 0 p 0.5 0.5
0.8 0.6 0 q 0.4 0.2
0.8 0.6 0 q 0.5 0
0.8 0.6 0 q 0.5 0.5
