0 0
2 0
3 0
4 0 
5 0
15 0
16 0
17 0
19 0
7 1
9 1
11 1
13 1
0 2
1 2
3 2
4 2
5 2
15 2
16 2
18 2
19 2
0 3
4 3
5 3
7 3
9 3
11 3
13 3
15 3
19 3
0 4
2 4
4 4
5 4
15 4
17 4
19 4
0 5
4 5
5 5
7 5
8 5
9 5
10 5
11 5
13 5
15 5
19 5
0 6
1 6
3 6
4 6
5 6
7 6
11 6
15 6
16 6
18 6
19 6
9 7
13 7
0 8
1 8
3 8
4 8
5 8
7 8
11 8
15 8
16 8
18 8
19 8
0 9
4 9
5 9
7 9
8 9
9 9
10 9
11 9
13 9
15 9
19 9
0 10
2 10
4 10
5 10
15 10
17 10
19 10
0 11
2 11
4 11
5 11
7 11
9 11
11 11
13 11
15 11
17 11
19 11
1 13
3 13
5 13
7 13
9 13
11 13
13 13
15 13
17 13
19 13