0.9 0.9 0.9 t 0.075 0.64
0.9 0.9 0.9 t 0.15 1
0.9 0.9 0.9 t 0.85 1
0.9 0.9 0.9 t 0.93 0.64
0.4 0.4 0.4 b 0.05 0.58
0.4 0.4 0.4 b 0.05 0.64
0.4 0.4 0.4 b 0.95 0.64
0.4 0.4 0.4 b 0.95 0.58
0.4 0.4 0.4 i 0.95 0
0.4 0.4 0.4 i 0.95 0.04
0.4 0.4 0.4 i 0.05 0.04
0.4 0.4 0.4 i 0.05 0
0.4 0.4 0.4 q 0.95 0.64
0.4 0.4 0.4 q 0.95 0.58
0.4 0.4 0.4 q 0.965 0.54
0.4 0.4 0.4 q 0.975 0.58
0.4 0.4 0.4 b 0.965 0.54
0.4 0.4 0.4 b 0.975 0.58
0.4 0.4 0.4 b 0.9925 0.44
0.4 0.4 0.4 b 0.9825 0.42
0.4 0.4 0.4 q 0.9925 0.44
0.4 0.4 0.4 q 0.9825 0.42
0.4 0.4 0.4 q 0.985 0.29
0.4 0.4 0.4 q 1 0.29
0.4 0.4 0.4 b 0.985 0.29
0.4 0.4 0.4 b 1 0.29
0.4 0.4 0.4 b 0.9925 0.14
0.4 0.4 0.4 b 0.9825 0.15
0.4 0.4 0.4 q 0.9825 0.15
0.4 0.4 0.4 q 0.9925 0.14
0.4 0.4 0.4 q 0.95 0
0.4 0.4 0.4 q 0.95 0.04
0.4 0.4 0.4 b 0.05 0.04
0.4 0.4 0.4 b 0.05 0
0.4 0.4 0.4 b 0.03 0.06
0.4 0.4 0.4 b 0.04 0.1
0.4 0.4 0.4 q 0.04 0.1
0.4 0.4 0.4 q 0.03 0.06
0.4 0.4 0.4 q 0.01 0.2
0.4 0.4 0.4 q 0.02 0.23
0.4 0.4 0.4 b 0.02 0.23
0.4 0.4 0.4 b 0.01 0.2
0.4 0.4 0.4 b 0 0.36
0.4 0.4 0.4 b 0.0125 0.36
0.4 0.4 0.4 q 0.0125 0.36
0.4 0.4 0.4 q 0 0.36
0.4 0.4 0.4 q 0.01 0.53
0.4 0.4 0.4 q 0.02 0.52
0.4 0.4 0.4 b 0.02 0.52
0.4 0.4 0.4 b 0.01 0.53
0.4 0.4 0.4 b 0.05 0.64
0.4 0.4 0.4 b 0.05 0.58
0.4 0.4 0.4 c 0.025 0.31
0.4 0.4 0.4 c 0.058925 0.485
0.4 0.4 0.4 c 0.09285 0.58
0.4 0.4 0.4 c 0.126775 0.485
0.4 0.4 0.4 c 0.1607 0.31
0.4 0.4 0.4 c 0.126775 0.175
0.4 0.4 0.4 c 0.09285 0.04
0.4 0.4 0.4 c 0.058925 0.175
0.4 0.4 0.4 d 0.1607 0.31
0.4 0.4 0.4 d 0.194625 0.485
0.4 0.4 0.4 d 0.22855 0.58
0.4 0.4 0.4 d 0.262475 0.485
0.4 0.4 0.4 d 0.2964 0.31
0.4 0.4 0.4 d 0.2624 0.175
0.4 0.4 0.4 d 0.22855 0.04
0.4 0.4 0.4 d 0.194625 0.175
0.4 0.4 0.4 c 0.2964 0.31
0.4 0.4 0.4 c 0.330325 0.485
0.4 0.4 0.4 c 0.36425 0.58
0.4 0.4 0.4 c 0.398175 0.485
0.4 0.4 0.4 c 0.4321 0.31
0.4 0.4 0.4 c 0.398175 0.175
0.4 0.4 0.4 c 0.36425 0.04
0.4 0.4 0.4 c 0.330325 0.175
0.4 0.4 0.4 d 0.4321 0.31
0.4 0.4 0.4 d 0.466025 0.485
0.4 0.4 0.4 d 0.49995 0.58
0.4 0.4 0.4 d 0.533875 0.485
0.4 0.4 0.4 d 0.5678 0.31
0.4 0.4 0.4 d 0.533875 0.175
0.4 0.4 0.4 d 0.49995 0.04
0.4 0.4 0.4 d 0.466025 0.175
0.4 0.4 0.4 c 0.5678 0.31
0.4 0.4 0.4 c 0.601725 0.485
0.4 0.4 0.4 c 0.63565 0.58
0.4 0.4 0.4 c 0.669575 0.485
0.4 0.4 0.4 c 0.7035 0.31
0.4 0.4 0.4 c 0.669575 0.175
0.4 0.4 0.4 c 0.63565 0.04
0.4 0.4 0.4 c 0.601725 0.175
0.4 0.4 0.4 d 0.7035 0.31
0.4 0.4 0.4 d 0.737425 0.485
0.4 0.4 0.4 d 0.77135 0.58
0.4 0.4 0.4 d 0.805275 0.485
0.4 0.4 0.4 d 0.8392 0.31
0.4 0.4 0.4 d 0.805275 0.175
0.4 0.4 0.4 d 0.77135 0.04
0.4 0.4 0.4 d 0.737425 0.175
0.4 0.4 0.4 c 0.8392 0.31
0.4 0.4 0.4 c 0.873125 0.485
0.4 0.4 0.4 c 0.90705 0.58
0.4 0.4 0.4 c 0.940975 0.485
0.4 0.4 0.4 c 0.9749 0.31
0.4 0.4 0.4 c 0.940975 0.175
0.4 0.4 0.4 c 0.90705 0.04
0.4 0.4 0.4 c 0.873125 0.175
0.7 0.7 0.7 d 0.058925 0.31
0.7 0.7 0.7 d 0.0758875 0.3975
0.7 0.7 0.7 d 0.09285 0.485
0.7 0.7 0.7 d 0.1098125 0.3975
0.7 0.7 0.7 d 0.126775 0.31
0.7 0.7 0.7 d 0.1098125 0.2425
0.7 0.7 0.7 d 0.09285 0.175
0.7 0.7 0.7 d 0.0758875 0.2425
0.7 0.7 0.7 e 0.194625 0.31
0.7 0.7 0.7 e 0.2115875 0.3975
0.7 0.7 0.7 e 0.22855 0.485
0.7 0.7 0.7 e 0.2455125 0.3975
0.7 0.7 0.7 e 0.262475 0.31
0.7 0.7 0.7 e 0.2455125 0.2425
0.7 0.7 0.7 e 0.22855 0.175
0.7 0.7 0.7 e 0.2115875 0.2425
0.7 0.7 0.7 d 0.330325 0.31
0.7 0.7 0.7 d 0.3472875 0.3975
0.7 0.7 0.7 d 0.36425 0.485
0.7 0.7 0.7 d 0.3812125 0.3975
0.7 0.7 0.7 d 0.398175 0.31
0.7 0.7 0.7 d 0.3812125 0.2425
0.7 0.7 0.7 d 0.36425 0.175
0.7 0.7 0.7 d 0.3472875 0.2425
0.7 0.7 0.7 e 0.466025 0.31
0.7 0.7 0.7 e 0.4829875 0.3975
0.7 0.7 0.7 e 0.49995 0.485
0.7 0.7 0.7 e 0.5169125 0.3975
0.7 0.7 0.7 e 0.533875 0.31
0.7 0.7 0.7 e 0.5169125 0.2425
0.7 0.7 0.7 e 0.49995 0.175
0.7 0.7 0.7 e 0.4829875 0.2425
0.7 0.7 0.7 d 0.601725 0.31
0.7 0.7 0.7 d 0.6186875 0.3975
0.7 0.7 0.7 d 0.63565 0.485
0.7 0.7 0.7 d 0.6526125 0.3975
0.7 0.7 0.7 d 0.669575 0.31
0.7 0.7 0.7 d 0.6526125 0.2425
0.7 0.7 0.7 d 0.63565 0.175
0.7 0.7 0.7 d 0.6186875 0.2425
0.7 0.7 0.7 e 0.737425 0.31
0.7 0.7 0.7 e 0.7543875 0.3975
0.7 0.7 0.7 e 0.77135 0.485
0.7 0.7 0.7 e 0.7883125 0.3975
0.7 0.7 0.7 e 0.805275 0.31
0.7 0.7 0.7 e 0.7883125 0.2425
0.7 0.7 0.7 e 0.77135 0.175
0.7 0.7 0.7 e 0.7543875 0.2425
0.7 0.7 0.7 d 0.873125 0.31
0.7 0.7 0.7 d 0.8900875 0.3975
0.7 0.7 0.7 d 0.90705 0.485
0.7 0.7 0.7 d 0.9240125 0.3975
0.7 0.7 0.7 d 0.940975 0.31
0.7 0.7 0.7 d 0.9240125 0.2425
0.7 0.7 0.7 d 0.90705 0.175
0.7 0.7 0.7 d 0.8900875 0.2425