0.7 0.7 0.7 a 0.5 0
0.7 0.7 0.7 a 0 0.5
0.7 0.7 0.7 a 0.5 1
0.7 0.7 0.7 a 1 0.5
1 0 0 b 0.25 0.25
1 0 0 b 0.25 0.75
1 0 0 b 0.75 0.75
1 0 0 b 0.75 0.25
0.7 0.7 0.7 c 0.375 0.375
0.7 0.7 0.7 c 0.375 0.625
0.7 0.7 0.7 c 0.625 0.625
0.7 0.7 0.7 c 0.625 0.375
0.7 0.7 0.7 b 1 0.0875
0.7 0.7 0.7 b 0.9125 0
0.7 0.7 0.7 b 0.7125 0.2125
0.7 0.7 0.7 b 0.7875 0.2875
0.7 0.7 0.7 c 0.0875 0
0.7 0.7 0.7 c 0 0.0875
0.7 0.7 0.7 c 0.2125 0.2875
0.7 0.7 0.7 c 0.2875 0.2125
0.7 0.7 0.7 b 0.7875 0.7125
0.7 0.7 0.7 b 0.7125 0.7875
0.7 0.7 0.7 b 0.9125 1
0.7 0.7 0.7 b 1 0.9125
0.7 0.7 0.7 c 0.2125 0.7125
0.7 0.7 0.7 c 0 0.9125
0.7 0.7 0.7 c 0.0875 1
0.7 0.7 0.7 c 0.2875 0.7875