0.7 0.7 0.7 a 0.22 0
0.7 0.7 0.7 a 0.22 0.275
0.7 0.7 0.7 a 0.275 0.275
0.7 0.7 0.7 a 0.275 0
0.7 0.7 0.7 c 0.275 0.4675
0.7 0.7 0.7 c 0 0.4675
0.7 0.7 0.7 c 0 0.5225
0.7 0.7 0.7 c 0.275 0.5225
0.7 0.7 0.7 d 0.715 0.4675
0.7 0.7 0.7 d 0.715 0.5225
0.7 0.7 0.7 d 1 0.5225
0.7 0.7 0.7 d 1 0.4675
0.7 0.7 0.7 c 0.275 0.2755
0.7 0.7 0.7 c 0.055 0.275
0.7 0.7 0.7 c 0.275 0.495
0.7 0.7 0.7 e 0.275 0.495
0.7 0.7 0.7 e 0.055 0.715
0.7 0.7 0.7 e 0.275 0.715
0.7 0.7 0.7 f 0.715 0
0.7 0.7 0.7 f 0.717 0.275
0.7 0.7 0.7 f 0.77 0.275
0.7 0.7 0.7 f 0.77 0
0.7 0.7 0.7 e 0.717 0.275
0.7 0.7 0.7 e 0.715 0.495
0.7 0.7 0.7 e 0.935 0.275
0.7 0.7 0.7 f 0.715 0.495
0.7 0.7 0.7 f 0.715 0.715
0.7 0.7 0.7 f 0.935 0.715
0.7 0.7 0.7 e 0.385 0.165
0.7 0.7 0.7 e 0.605 0.165
0.7 0.7 0.7 e 0.495 0.055
0.7 0.7 0.7 f 0.385 0.165
0.7 0.7 0.7 f 0.275 0.275
0.7 0.7 0.7 f 0.385 0.275
0.7 0.7 0.7 e 0.605 0.165
0.7 0.7 0.7 e 0.605 0.275
0.7 0.7 0.7 e 0.715 0.275
0 0 1 a 0.385 0.165
0 0 1 a 0.385 0.385
0 0 1 a 0.605 0.385
0 0 1 a 0.605 0.165
0 0 1 b 0.385 0.275
0 0 1 b 0.275 0.275
0 0 1 b 0.275 0.715
0 0 1 b 0.385 0.715
0 0 1 a 0.605 0.275
0 0 1 a 0.605 0.715
0 0 1 a 0.715 0.715
0 0 1 a 0.715 0.275
0 0 1 b 0.385 0.605
0 0 1 b 0.385 0.825
0 0 1 b 0.605 0.825
0 0 1 b 0.605 0.605
0.7 0.7 0.7 a 0.385 0.385
0.7 0.7 0.7 a 0.385 0.605
0.7 0.7 0.7 a 0.605 0.605
0.7 0.7 0.7 a 0.605 0.385
0.7 0.7 0.7 b 0.385 0.715
0.7 0.7 0.7 b 0.275 0.715
0.7 0.7 0.7 b 0.385 0.825
0.7 0.7 0.7 c 0.385 0.825
0.7 0.7 0.7 c 0.495 0.935
0.7 0.7 0.7 c 0.605 0.825
0.7 0.7 0.7 b 0.605 0.825
0.7 0.7 0.7 b 0.715 0.715
0.7 0.7 0.7 b 0.605 0.715
0.7 0.7 0.7 a 0.275 0.715
0.7 0.7 0.7 a 0.22 0.715
0.7 0.7 0.7 a 0.22 1
0.7 0.7 0.7 a 0.275 1
0.7 0.7 0.7 b 0.715 0.715
0.7 0.7 0.7 b 0.715 1
0.7 0.7 0.7 b 0.77 1
0.7 0.7 0.7 b 0.77 0.715