0.2 0.2 0.2 a 0 0.55
0.2 0.2 0.2 a 0 0.88
0.2 0.2 0.2 a 0.375 0.55
0.2 0.2 0.2 b 1 0.55
0.2 0.2 0.2 b 1 0.88
0.2 0.2 0.2 b 0.625 0.55
0.8 0.8 0.8 a 0.125 0.11
0.8 0.8 0.8 a 0 0.22
0.8 0.8 0.8 a 0 0.55
0.8 0.8 0.8 a 1 0.55
0.8 0.8 0.8 a 1 0.22
0.8 0.8 0.8 a 0.875 0.11
0.2 0.2 0.2 p 0.625 0.44
0.2 0.2 0.2 p 0.75 0.44
0.2 0.2 0.2 p 0.75 0.33
0.2 0.2 0.2 p 0.625 0.22
0.2 0.2 0.2 q 0.25 0.44
0.2 0.2 0.2 q 0.375 0.44
0.2 0.2 0.2 q 0.375 0.22
0.2 0.2 0.2 q 0.25 0.33
0.2 0.2 0.2 r 0.125 0.11
0.2 0.2 0.2 r 0.375 0.11
0.2 0.2 0.2 r 0.25 0
0.2 0.2 0.2 s 0.375 0.11
0.2 0.2 0.2 s 0.625 0.11
0.2 0.2 0.2 s 0.5 0
0.2 0.2 0.2 t 0.625 0.11
0.2 0.2 0.2 t 0.875 0.11
0.2 0.2 0.2 t 0.75 0
0.2 0.2 0.2 v 0.4375 0.55
0.2 0.2 0.2 v 0.4375 1
0.2 0.2 0.2 v 0.5625 1
0.2 0.2 0.2 v 0.5625 0.55